10 10 5
1 2 2
0 2 1
2 4 1
2 5 7
4 6 4
10 10 6
1 2 2
0 2 1
2 4 1
2 5 7
4 6 4
3 7 5
10 10 7
1 2 2
0 2 1
2 4 1
2 5 7
4 6 4
3 7 5
5 6 3
10 10 8
1 2 2
0 2 1
2 4 1
2 5 7
4 6 4
3 7 5
5 6 3
4 7 6
10 10 9
1 2 2
0 2 1
2 4 1
2 5 7
4 6 4
3 7 5
5 6 3
4 7 6
5 8 2
10 10 10
1 2 2
0 2 1
2 4 1
2 5 7
4 6 4
3 7 5
5 6 3
4 7 6
5 8 2
0 9 2
10 10 11
1 2 2
0 2 1
2 4 1
2 5 7
4 6 4
3 7 5
5 6 3
4 7 6
5 8 2
0 9 2
1 8 1
10 10 12
1 2 2
0 2 1
2 4 1
2 5 7
4 6 4
3 7 5
5 6 3
4 7 6
5 8 2
0 9 2
1 8 1
3 5 3
10 10 13
1 2 2
0 2 1
2 4 1
2 5 7
4 6 4
3 7 5
5 6 3
4 7 6
5 8 2
0 9 2
1 8 1
3 5 3
4 6 4
10 10 14
1 2 2
0 2 1
2 4 1
2 5 7
4 6 4
3 7 5
5 6 3
4 7 6
5 8 2
0 9 2
1 8 1
3 5 3
4 6 4
4 7 1 
10 10 15
1 2 2
0 2 1
2 4 1
2 5 7
4 6 4
3 7 5
5 6 3
4 7 6
5 8 2
0 9 2
1 8 1
3 5 3
4 6 4
4 7 3 
3 7 4
10 10 16
1 2 2
0 2 1
2 4 1
2 5 7
4 6 4
3 7 5
5 6 3
4 7 6
5 8 2
0 9 2
1 8 1
3 5 3
4 6 4
4 7 3 
3 7 4
6 9 2
10 10 17
1 2 2
0 2 1
2 4 1
2 5 7
4 6 4
3 7 5
5 6 3
4 7 6
5 8 2
0 9 2
1 8 1
3 5 3
4 6 4
4 7 3 
3 7 4
6 9 2
6 8 3
10 10 18
1 2 2
0 2 1
2 4 1
2 5 7
4 6 4
3 7 5
5 6 3
4 7 6
5 8 2
0 9 2
1 8 1
3 5 3
4 6 4
4 7 3 
3 7 4
6 9 2
6 8 3
5 7 2
10 10 19
1 2 2
0 2 1
2 4 1
2 5 7
4 6 4
3 7 5
5 6 3
4 7 6
5 8 2
0 9 2
1 8 1
3 5 3
4 6 4
4 7 3 
3 7 4
6 9 2
6 8 3
5 7 2
3 5 2
10 10 20
1 2 2
0 2 1
2 4 1
2 5 7
4 6 4
3 7 5
5 6 3
4 7 6
5 8 2
0 9 2
1 8 1
3 5 3
4 6 4
4 7 3 
3 7 4
6 9 2
6 8 3
5 7 2
3 5 2
8 9 4
10 10 21
1 2 2
0 2 1
2 4 1
2 5 7
4 6 4
3 7 5
5 6 3
4 7 6
5 8 2
0 9 2
1 8 1
3 5 3
4 6 4
4 7 3 
3 7 4
6 9 2
6 8 3
5 7 2
3 5 2
8 9 4
7 9 1
10 10 22
1 2 2
0 2 1
2 4 1
2 5 7
4 6 4
3 7 5
5 6 3
4 7 6
5 8 2
0 9 2
1 8 1
3 5 3
4 6 4
4 7 3 
3 7 4
6 9 2
6 8 3
5 7 2
3 5 2
8 9 4
7 9 1
8 9 3
10 10 23
1 2 2
0 2 1
2 4 1
2 5 7
4 6 4
3 7 5
5 6 3
4 7 6
5 8 2
0 9 2
1 8 1
3 5 3
4 6 4
4 7 3 
3 7 4
6 9 2
6 8 3
5 7 2
3 5 2
8 9 4
7 9 1
8 9 3
6 8 2
10 10 24
1 2 2
0 2 1
2 4 1
2 5 7
4 6 4
3 7 5
5 6 3
4 7 6
5 8 2
0 9 2
1 8 1
3 5 3
4 6 4
4 7 3 
3 7 4
6 9 2
6 8 3
5 7 2
3 5 2
8 9 4
7 9 1
8 9 3
6 8 2
5 7 4
10 10 25
1 2 2
0 2 1
2 4 1
2 5 7
4 6 4
3 7 5
5 6 3
4 7 6
5 8 2
0 9 2
1 8 1
3 5 3
4 6 4
4 7 3 
3 7 4
6 9 2
6 8 3
5 7 2
3 5 2
8 9 4
7 9 1
8 9 3
6 8 2
5 7 4
3 5 3
0 0 0