10 7 5
1 2 2
0 2 1
2 4 1
2 5 5
4 6 4
10 7 6
1 2 2
0 2 1
2 4 1
2 5 5
4 6 4
3 6 5
10 7 7
1 2 2
0 2 1
2 4 1
2 5 5
4 6 4
3 6 5
5 6 3
10 7 8
1 2 2
0 2 1
2 4 1
2 5 5
4 6 4
3 6 5
5 6 3
4 6 6
10 7 9
1 2 2
0 2 1
2 4 1
2 5 5
4 6 4
3 6 5
5 6 3
4 6 6
5 6 2
10 7 10
1 2 2
0 2 1
2 4 1
2 5 5
4 6 4
3 6 5
5 6 3
4 6 6
5 6 2
0 6 2
10 7 11
1 2 2
0 2 1
2 4 1
2 5 5
4 6 4
3 6 5
5 6 3
4 6 6
5 6 2
0 6 2
1 6 1
10 7 12
1 2 2
0 2 1
2 4 1
2 5 5
4 6 4
3 6 5
5 6 3
4 6 6
5 6 2
0 6 2
1 6 1
3 5 3
10 7 13
1 2 2
0 2 1
2 4 1
2 5 5
4 6 4
3 6 5
5 6 3
4 6 6
5 6 2
0 6 2
1 6 1
3 5 3
4 6 4
10 7 14
1 2 2
0 2 1
2 4 1
2 5 5
4 6 4
3 6 5
5 6 3
4 6 6
5 6 2
0 6 2
1 6 1
3 5 3
4 6 4
4 6 1 
10 7 15
1 2 2
0 2 1
2 4 1
2 5 5
4 6 4
3 6 5
5 6 3
4 6 6
5 6 2
0 6 2
1 6 1
3 5 3
4 6 4
4 6 3 
3 6 4
10 7 16
1 2 2
0 2 1
2 4 1
2 5 5
4 6 4
3 6 5
5 6 3
4 6 6
5 6 2
0 6 2
1 6 1
3 5 3
4 6 4
4 6 3 
3 6 4
1 6 2
10 7 17
1 2 2
0 2 1
2 4 1
2 5 5
4 6 4
3 6 5
5 6 3
4 6 6
5 6 2
0 6 2
1 6 1
3 5 3
4 6 4
4 6 3 
3 6 4
1 6 2
1 6 3
10 7 18
1 2 2
0 2 1
2 4 1
2 5 5
4 6 4
3 6 5
5 6 3
4 6 6
5 6 2
0 6 2
1 6 1
3 5 3
4 6 4
4 6 3 
3 6 4
1 6 2
1 6 3
5 6 2
10 7 19
1 2 2
0 2 1
2 4 1
2 5 5
4 6 4
3 6 5
5 6 3
4 6 6
5 6 2
0 6 2
1 6 1
3 5 3
4 6 4
4 6 3 
3 4 4
1 6 2
1 6 3
5 5 2
3 5 2
10 7 20
1 2 2
0 2 1
2 4 1
2 5 5
4 6 4
3 2 5
5 6 3
4 5 6
5 6 2
0 6 2
1 6 1
3 5 3
4 6 4
4 6 3 
3 6 4
1 6 2
1 6 3
5 3 2
3 5 2
2 6 4
10 7 21
1 2 2
0 2 1
2 4 1
2 5 5
4 6 4
3 6 5
5 6 3
4 6 6
5 6 2
0 6 2
1 6 1
3 5 3
4 6 4
4 5 3 
3 6 4
5 6 2
1 6 3
3 4 2
3 5 2
3 6 4
4 6 1
10 7 22
1 2 2
0 2 1
2 4 1
2 5 5
4 6 4
3 5 5
5 6 3
4 5 6
5 6 2
0 6 2
1 6 1
3 5 3
4 6 4
4 6 3 
3 6 4
1 6 2
1 6 3
5 4 2
3 5 2
5 6 4
2 6 1
5 6 3
0 0 0